1413393890.255760 2.891877 2.891877 0.293269 0.003127 0.000274 0.000032 
1413393890.355761 2.891936 2.891936 0.293275 0.004288 0.000320 0.000052 
1413393890.505760 2.891995 2.891995 0.293281 0.004989 0.000332 0.000069 
1413393890.605761 2.892055 2.892054 0.293287 0.005059 0.000335 0.000080 
1413393890.755760 2.892113 2.892113 0.293293 0.005148 0.000339 0.000109 
1413393890.855761 2.892234 2.892234 0.293305 0.005264 0.000343 0.000138 
1413393891.005760 2.892340 2.892340 0.293316 0.005412 0.000349 0.000148 
1413393891.105761 2.893000 2.893000 0.293383 0.006869 0.000406 0.000184 
1413393891.255760 2.897192 2.897191 0.293809 0.017571 0.000593 0.000195 
1413393891.355761 2.897250 2.897250 0.293815 0.017547 0.000609 0.000200 
1413393891.505760 2.911258 2.911256 0.295254 0.033404 0.001249 0.000248 
1413393891.605761 2.962305 2.962303 0.300586 0.053608 0.002672 0.000412 
1413393891.755760 3.035238 3.035231 0.308122 0.064110 0.004866 0.000687 
1413393891.855761 3.035295 3.035287 0.308120 0.063756 0.004907 0.000794 
1413393891.955760 3.061664 3.061655 0.310627 0.071328 0.006075 0.001015 
1413393892.105761 3.154682 3.154668 0.319893 0.087274 0.007189 0.001570 
1413393892.205760 3.275941 3.275922 0.332477 0.097657 0.007625 0.002196 
1413393892.355761 3.275994 3.275973 0.332486 0.098140 0.007629 0.002191 
1413393892.455760 3.300478 3.300455 0.334929 0.099103 0.007662 0.002519 
1413393892.605761 3.386943 3.386915 0.343577 0.101174 0.007730 0.003273 
1413393892.705760 3.500168 3.500132 0.355012 0.102508 0.007826 0.003829 
1413393892.805760 3.500181 3.500145 0.355012 0.102301 0.007826 0.003846 
1413393892.905761 3.523074 3.523034 0.357358 0.104744 0.007955 0.004388 
1413393893.055760 3.604227 3.604155 0.365596 0.116495 0.009410 0.005941 
1413393893.155761 3.604274 3.604202 0.365600 0.116623 0.009414 0.005939 
1413393893.305760 3.611054 3.610974 0.366251 0.123032 0.010782 0.006158 
1413393893.405761 3.640793 3.640672 0.369145 0.142798 0.014852 0.006374 
1413393893.555760 3.640840 3.640719 0.369149 0.142553 0.014864 0.006381 
1413393893.655761 3.640887 3.640766 0.369154 0.142622 0.014868 0.006380 
1413393893.805760 3.640933 3.640813 0.369159 0.142552 0.014861 0.006382 
1413393893.905761 3.640980 3.640859 0.369165 0.142484 0.014863 0.006396 
1413393894.055760 3.641027 3.640907 0.369171 0.142334 0.014884 0.006428 
1413393894.155761 3.686815 3.686611 0.373692 0.161335 0.018198 0.006496 
1413393894.305760 3.686861 3.686658 0.373695 0.160931 0.018215 0.006486 
1413393894.405761 3.687762 3.687559 0.373789 0.160826 0.018221 0.006494 
1413393894.555760 3.759193 3.758990 0.381024 0.161107 0.018272 0.006668 
1413393894.655761 3.759239 3.759035 0.381027 0.160981 0.018273 0.006670 
1413393894.805760 3.759284 3.759080 0.381029 0.160683 0.018319 0.006677 
1413393894.905761 3.759330 3.759125 0.381034 0.160779 0.018338 0.006678 
1413393895.055760 3.759376 3.759171 0.381039 0.161121 0.018312 0.006690 
1413393895.155761 3.759420 3.759217 0.381045 0.160969 0.018317 0.006693 
1413393895.255760 3.759434 3.759230 0.381046 0.160958 0.018316 0.006687 
1413393895.355761 3.759447 3.759243 0.381046 0.161185 0.018319 0.006676 
1413393895.505760 3.760329 3.760127 0.381134 0.161616 0.018354 0.006702 
1413393895.605761 3.760374 3.760172 0.381138 0.161611 0.018340 0.006699 
1413393895.705760 3.760387 3.760185 0.381140 0.161645 0.018337 0.006703 
1413393895.855761 3.761269 3.761069 0.381231 0.161712 0.018358 0.006734 
1413393896.005760 3.761417 3.761216 0.381246 0.161912 0.018373 0.006742 
1413393896.105761 3.764524 3.764325 0.381567 0.162185 0.018401 0.006809 
1413393896.255760 3.764570 3.764370 0.381572 0.162063 0.018399 0.006838 
1413393896.355761 3.764615 3.764415 0.381576 0.161958 0.018436 0.006887 
1413393896.455760 3.765018 3.764819 0.381617 0.161682 0.018458 0.006927 
1413393896.605761 3.765063 3.764864 0.381621 0.161656 0.018498 0.007026 
1413393896.755760 3.765209 3.765011 0.381635 0.161667 0.018666 0.007449 
1413393896.855761 3.765254 3.765056 0.381640 0.161873 0.018729 0.007620 
1413393897.005760 3.765299 3.765100 0.381646 0.161950 0.018799 0.007826 
1413393897.105761 3.765344 3.765146 0.381651 0.162013 0.018893 0.008056 
1413393897.255760 3.765388 3.765191 0.381656 0.162047 0.018998 0.008312 
1413393897.355761 3.765434 3.765236 0.381660 0.162141 0.019115 0.008569 
1413393897.505760 3.766694 3.766494 0.381788 0.162360 0.019360 0.009095 
1413393897.605761 3.770044 3.769843 0.382124 0.162434 0.019860 0.010099 
1413393897.755760 3.775835 3.775628 0.382706 0.162751 0.020978 0.012115 
1413393897.855761 3.775879 3.775672 0.382710 0.162704 0.021083 0.012296 
1413393898.005760 3.801740 3.801497 0.385306 0.165269 0.029461 0.023622 
1413393898.105761 3.876952 3.876594 0.392903 0.172134 0.048084 0.042896 
1413393898.205760 3.976075 3.975541 0.402989 0.180882 0.067590 0.060169 
1413393898.305760 3.976089 3.975553 0.402989 0.180902 0.067597 0.060141 
1413393898.405761 3.996146 3.995577 0.405024 0.183185 0.075332 0.067578 
1413393898.555760 3.996188 3.995619 0.405028 0.183295 0.075381 0.067617 
1413393898.655761 3.999078 3.998514 0.405322 0.184029 0.077033 0.069850 
1413393898.755760 4.009300 4.008765 0.406362 0.185635 0.082581 0.077317 
1413393898.855761 4.028786 4.028301 0.408347 0.188484 0.092448 0.089533 
1413393899.005760 4.028830 4.028344 0.408350 0.188617 0.092453 0.089526 
1413393899.105761 4.048501 4.048056 0.410380 0.190701 0.101863 0.099870 
1413393899.205760 4.048512 4.048067 0.410383 0.190713 0.101876 0.099885 
1413393899.305760 4.050926 4.050483 0.410631 0.190644 0.102958 0.101022 
1413393899.405761 4.056701 4.056267 0.411229 0.191203 0.105555 0.103768 
1413393899.505760 4.067955 4.067534 0.412397 0.192293 0.110463 0.108907 
1413393899.605761 4.067967 4.067546 0.412397 0.192542 0.110462 0.108904 
1413393899.755760 4.084608 4.084174 0.414120 0.196548 0.117958 0.116539 
1413393899.855761 4.084651 4.084216 0.414124 0.196692 0.117973 0.116537 
1413393900.005760 4.086037 4.085599 0.414262 0.197681 0.118654 0.117132 
1413393900.105761 4.086077 4.085640 0.414266 0.197751 0.118669 0.117158 
1413393900.255760 4.164995 4.164443 0.422296 0.221901 0.150166 0.136744 
1413393900.355761 4.165030 4.164482 0.422295 0.221927 0.150199 0.136798 
1413393900.455760 4.181258 4.180689 0.423860 0.224568 0.156342 0.141988 
1413393900.555760 4.181437 4.180873 0.423875 0.224632 0.156384 0.142075 
1413393900.655761 4.181450 4.180885 0.423877 0.224706 0.156385 0.142137 
1413393900.755760 4.182169 4.181607 0.423949 0.224850 0.156666 0.142444 
1413393900.855761 4.208651 4.208147 0.426774 0.232189 0.166637 0.160021 
1413393900.955760 4.208663 4.208158 0.426772 0.232125 0.166652 0.160064 
1413393901.055760 4.208673 4.208169 0.426764 0.231876 0.166659 0.160014 
1413393901.155761 4.208686 4.208181 0.426769 0.231910 0.166648 0.160043 
1413393901.305760 4.208724 4.208221 0.426774 0.232009 0.166643 0.159999 
1413393901.405761 4.209507 4.209002 0.426848 0.232284 0.166888 0.160304 
1413393901.555760 4.209546 4.209042 0.426851 0.232328 0.166892 0.160309 
1413393901.655761 4.209586 4.209082 0.426859 0.232401 0.166906 0.160314 
1413393901.755760 4.209599 4.209094 0.426862 0.232271 0.166913 0.160329 
1413393901.855761 4.210912 4.210409 0.427000 0.232934 0.167385 0.161257 
1413393902.005760 4.211117 4.210618 0.427018 0.232927 0.167497 0.161354 
1413393902.105761 4.211761 4.211261 0.427083 0.233421 0.167707 0.161463 
1413393902.255760 4.211802 4.211301 0.427085 0.233390 0.167756 0.161532 
1413393902.355761 4.211841 4.211341 0.427092 0.233430 0.167754 0.161531 
1413393902.505760 4.211881 4.211380 0.427105 0.233224 0.167791 0.161584 
1413393902.605761 4.212274 4.211772 0.427149 0.233348 0.167969 0.161760 
1413393902.755760 4.212314 4.211812 0.427146 0.233436 0.167981 0.161768 
1413393902.855761 4.213089 4.212591 0.427227 0.233585 0.168260 0.162255 
1413393902.955760 4.213100 4.212601 0.427227 0.233796 0.168280 0.162262 
1413393903.105761 4.213139 4.212642 0.427237 0.233955 0.168291 0.162313 
1413393903.205760 4.220648 4.220169 0.428018 0.234678 0.170875 0.165744 
1413393903.355761 4.221026 4.220552 0.428057 0.234938 0.170982 0.165903 
1413393903.455760 4.223247 4.222778 0.428287 0.235181 0.171727 0.166722 
1413393903.605761 4.225690 4.225227 0.428537 0.235667 0.172551 0.167617 
1413393903.755760 4.225819 4.225356 0.428550 0.235645 0.172603 0.167661 
1413393903.855761 4.248287 4.247860 0.430848 0.237855 0.179796 0.174733 
1413393904.005760 4.287431 4.287070 0.434853 0.243626 0.191514 0.184635 
1413393904.105761 4.287470 4.287109 0.434856 0.243705 0.191534 0.184671 
1413393904.255760 4.287510 4.287148 0.434859 0.243586 0.191539 0.184696 
1413393904.355761 4.287549 4.287187 0.434863 0.243789 0.191565 0.184701 
1413393904.505760 4.287924 4.287565 0.434900 0.243967 0.191676 0.184786 
1413393904.605761 4.290116 4.289758 0.435120 0.244104 0.192304 0.185505 
1413393904.755760 4.292529 4.292171 0.435363 0.244082 0.193014 0.186348 
1413393904.855761 4.292567 4.292209 0.435367 0.244230 0.193038 0.186364 
1413393904.955760 4.292578 4.292220 0.435367 0.244211 0.193043 0.186370 
1413393905.055760 4.292589 4.292232 0.435370 0.244318 0.193041 0.186336 
1413393905.155761 4.292599 4.292243 0.435371 0.244295 0.193051 0.186326 
1413393905.255760 4.292610 4.292253 0.435372 0.244343 0.193055 0.186282 
