1413393890.255760 -1.818643 9.374941 -2.244802 -0.141371 9.356441 2.945018 
1413393890.355761 -0.332788 9.708153 1.370088 -0.142956 9.356702 2.944112 
1413393890.505760 -0.693767 9.601391 1.888939 -0.143504 9.356891 2.943486 
1413393890.605761 -1.458225 9.624146 1.218805 -0.142943 9.357117 2.942794 
1413393890.755760 0.220694 9.228534 3.319875 -0.142827 9.357302 2.942211 
1413393890.855761 -0.273682 9.389848 2.827005 -0.143631 9.357443 2.941724 
1413393891.005760 0.250100 9.208088 3.374118 -0.144902 9.357643 2.941023 
1413393891.105761 -2.321778 9.528069 -0.247657 -0.144884 9.357845 2.940380 
1413393891.255760 -1.176080 9.534843 1.984868 -0.144749 9.358349 2.938787 
1413393891.355761 -1.490845 9.543832 1.711361 -0.145248 9.358156 2.939374 
1413393891.505760 0.286106 9.316379 3.059303 -0.145381 9.358060 2.939674 
1413393891.605761 -0.064269 9.636704 1.834638 -0.146580 9.358051 2.939642 
1413393891.755760 0.447655 9.426259 2.679803 -0.147683 9.357637 2.940906 
1413393891.855761 0.516356 9.440792 2.615518 -0.147292 9.357377 2.941752 
1413393891.955760 -1.147400 9.680461 1.099208 -0.145759 9.357965 2.939959 
1413393892.105761 -2.800480 9.369301 -0.780784 -0.142406 9.359460 2.935361 
1413393892.205760 -2.678848 9.412372 -0.683480 -0.138921 9.361304 2.929639 
1413393892.355761 -2.696227 9.405828 -0.704894 -0.139281 9.361162 2.930077 
1413393892.455760 -1.968237 9.605524 0.309923 -0.139441 9.361281 2.929690 
1413393892.605761 -1.291168 9.652496 1.182503 -0.140601 9.361526 2.928850 
1413393892.705760 -1.192592 9.638125 1.385774 -0.141165 9.361567 2.928693 
1413393892.805760 -1.173708 9.640791 1.383355 -0.140989 9.361471 2.929007 
1413393892.905761 -0.947013 9.618314 1.681459 -0.140968 9.361205 2.929858 
1413393893.055760 -0.640602 9.566331 2.076309 -0.141917 9.361139 2.930025 
1413393893.155761 -0.645706 9.563519 2.087653 -0.141788 9.361115 2.930110 
1413393893.305760 -0.600376 9.547656 2.172077 -0.141761 9.361040 2.930349 
1413393893.405761 -0.436186 9.474779 2.504879 -0.143311 9.360903 2.930710 
1413393893.555760 -0.426173 9.474131 2.509052 -0.143067 9.360839 2.930927 
1413393893.655761 -0.423696 9.474373 2.508556 -0.143147 9.360776 2.931124 
1413393893.805760 -0.437521 9.470039 2.522507 -0.142650 9.360799 2.931076 
1413393893.905761 -0.439784 9.466977 2.533581 -0.142421 9.360915 2.930714 
1413393894.055760 -0.402322 9.469030 2.532136 -0.141898 9.360959 2.930599 
1413393894.155761 -0.326917 9.440342 2.647484 -0.142734 9.360868 2.930850 
1413393894.305760 -0.341550 9.442952 2.636305 -0.143000 9.360906 2.930717 
1413393894.405761 -0.352410 9.435438 2.661660 -0.143085 9.360969 2.930513 
1413393894.555760 -0.358491 9.435146 2.661879 -0.141117 9.361188 2.929907 
1413393894.655761 -0.384365 9.433588 2.663794 -0.141210 9.361247 2.929714 
1413393894.805760 -0.351310 9.444624 2.629024 -0.141166 9.360927 2.930740 
1413393894.905761 -0.314891 9.450520 2.612399 -0.141042 9.360750 2.931308 
1413393895.055760 -0.323209 9.452468 2.604322 -0.140079 9.360834 2.931087 
1413393895.155761 -0.309072 9.451064 2.611124 -0.140280 9.360772 2.931274 
1413393895.255760 -0.327264 9.452197 2.604800 -0.140664 9.360897 2.930858 
1413393895.355761 -0.336749 9.453672 2.598229 -0.141224 9.360706 2.931441 
1413393895.505760 -0.333847 9.454871 2.594238 -0.140975 9.360709 2.931444 
1413393895.605761 -0.337305 9.454203 2.596226 -0.140787 9.360685 2.931528 
1413393895.705760 -0.339529 9.455317 2.591875 -0.140470 9.360746 2.931348 
1413393895.855761 -0.321933 9.457494 2.586169 -0.139795 9.360731 2.931428 
1413393896.005760 -0.291201 9.461257 2.576028 -0.139864 9.360644 2.931703 
1413393896.105761 -0.311107 9.462806 2.568001 -0.140002 9.360484 2.932209 
1413393896.255760 -0.331947 9.459795 2.576468 -0.140120 9.360418 2.932412 
1413393896.355761 -0.303479 9.460890 2.575961 -0.140086 9.360365 2.932584 
1413393896.455760 -0.279507 9.467167 2.555531 -0.139865 9.360473 2.932250 
1413393896.605761 -0.263406 9.467994 2.554176 -0.139818 9.360339 2.932680 
1413393896.755760 -0.197597 9.465754 2.568378 -0.140111 9.360435 2.932360 
1413393896.855761 -0.209061 9.463846 2.574495 -0.140290 9.360397 2.932473 
1413393897.005760 -0.176358 9.465072 2.572436 -0.140345 9.360383 2.932514 
1413393897.105761 -0.141032 9.462912 2.582541 -0.140274 9.360377 2.932537 
1413393897.255760 -0.135026 9.459981 2.593575 -0.140181 9.360204 2.933096 
1413393897.355761 -0.131342 9.461138 2.589542 -0.139360 9.360167 2.933252 
1413393897.505760 -0.108097 9.460443 2.593155 -0.139818 9.360212 2.933084 
1413393897.605761 0.018126 9.456566 2.609432 -0.139686 9.360066 2.933556 
1413393897.755760 0.129605 9.444051 2.651264 -0.139466 9.360152 2.933295 
1413393897.855761 0.113707 9.443947 2.652366 -0.139403 9.360140 2.933335 
1413393898.005760 0.179528 9.416887 2.743377 -0.138162 9.360039 2.933718 
1413393898.105761 0.200207 9.398237 2.805204 -0.135658 9.359038 2.937024 
1413393898.205760 0.185836 9.380045 2.866414 -0.134624 9.358017 2.940323 
1413393898.305760 0.177555 9.381469 2.862276 -0.134725 9.358122 2.939983 
1413393898.405761 0.143713 9.369470 2.903188 -0.135655 9.357862 2.940771 
1413393898.555760 0.143115 9.369459 2.903251 -0.135993 9.358004 2.940303 
1413393898.655761 0.135855 9.370408 2.900534 -0.135617 9.357787 2.941010 
1413393898.755760 0.136029 9.368419 2.906946 -0.134888 9.357005 2.943529 
1413393898.855761 0.119678 9.363334 2.923999 -0.133293 9.356053 2.946625 
1413393899.005760 0.113224 9.362541 2.926792 -0.133865 9.355768 2.947505 
1413393899.105761 0.070919 9.363651 2.924570 -0.133051 9.355593 2.948100 
1413393899.205760 0.072302 9.363341 2.925530 -0.133499 9.355484 2.948424 
1413393899.305760 0.067010 9.363746 2.924360 -0.133990 9.354997 2.949949 
1413393899.405761 0.068420 9.361920 2.930166 -0.133838 9.354593 2.951233 
1413393899.505760 0.056773 9.362021 2.930091 -0.132992 9.353663 2.954216 
1413393899.605761 0.055058 9.361668 2.931256 -0.133102 9.353601 2.954408 
1413393899.755760 0.017665 9.369424 2.906835 -0.133968 9.354974 2.950022 
1413393899.855761 0.016483 9.369748 2.905796 -0.134019 9.354985 2.949983 
1413393900.005760 0.026773 9.368503 2.909734 -0.133786 9.355123 2.949559 
1413393900.105761 0.026639 9.368148 2.910877 -0.133466 9.355162 2.949450 
1413393900.255760 -0.002659 9.376023 2.885531 -0.131267 9.356700 2.944663 
1413393900.355761 0.000761 9.375072 2.888621 -0.131418 9.356389 2.945647 
1413393900.455760 0.034751 9.365743 2.918522 -0.129911 9.354612 2.951349 
1413393900.555760 0.037037 9.363955 2.924222 -0.130742 9.354080 2.952998 
1413393900.655761 0.037747 9.364345 2.922966 -0.130388 9.354051 2.953106 
1413393900.755760 0.041198 9.364360 2.922870 -0.129894 9.354120 2.952909 
1413393900.855761 0.004255 9.359797 2.937734 -0.131546 9.353593 2.954504 
1413393900.955760 0.003368 9.360833 2.934434 -0.131280 9.353810 2.953831 
1413393901.055760 0.005826 9.360107 2.936743 -0.131445 9.353765 2.953965 
1413393901.155761 0.005829 9.360338 2.936010 -0.131433 9.353750 2.954013 
1413393901.305760 0.007140 9.359256 2.939454 -0.131877 9.353630 2.954372 
1413393901.405761 0.003415 9.358308 2.942477 -0.132126 9.353637 2.954343 
1413393901.555760 0.006153 9.357911 2.943733 -0.131851 9.353496 2.954800 
1413393901.655761 0.006434 9.357739 2.944279 -0.131807 9.353405 2.955088 
1413393901.755760 0.004091 9.358246 2.942675 -0.131750 9.353415 2.955057 
1413393901.855761 0.000708 9.358405 2.942170 -0.131848 9.353413 2.955065 
1413393902.005760 0.002106 9.357873 2.943862 -0.131776 9.353475 2.954870 
1413393902.105761 0.002849 9.357648 2.944576 -0.131623 9.353489 2.954831 
1413393902.255760 -0.001198 9.358839 2.940791 -0.131435 9.353887 2.953580 
1413393902.355761 0.000333 9.358468 2.941971 -0.131380 9.353796 2.953869 
1413393902.505760 -0.001821 9.359498 2.938691 -0.131134 9.353878 2.953622 
1413393902.605761 -0.001347 9.359580 2.938430 -0.131096 9.353833 2.953764 
1413393902.755760 -0.006085 9.360641 2.935042 -0.131177 9.354088 2.952955 
1413393902.855761 -0.005682 9.361257 2.933078 -0.130976 9.354185 2.952657 
1413393902.955760 -0.007561 9.361485 2.932348 -0.131040 9.354378 2.952042 
1413393903.105761 -0.006216 9.361465 2.932410 -0.130774 9.354161 2.952740 
1413393903.205760 0.002094 9.359794 2.937750 -0.130194 9.353662 2.954346 
1413393903.355761 0.007215 9.358757 2.941043 -0.130183 9.353361 2.955300 
1413393903.455760 0.007201 9.359062 2.940070 -0.129869 9.353276 2.955580 
1413393903.605761 0.008966 9.358237 2.942689 -0.129441 9.352978 2.956545 
1413393903.755760 0.009183 9.358248 2.942657 -0.129392 9.353017 2.956423 
1413393903.855761 0.005459 9.357706 2.944387 -0.128735 9.352488 2.958125 
1413393904.005760 0.011378 9.355048 2.952805 -0.126283 9.350820 2.963501 
1413393904.105761 0.011662 9.354969 2.953054 -0.126244 9.350807 2.963540 
1413393904.255760 0.011296 9.355110 2.952609 -0.126103 9.350903 2.963247 
1413393904.355761 0.011978 9.354822 2.953518 -0.126125 9.350864 2.963365 
1413393904.505760 0.015222 9.354191 2.955502 -0.125732 9.350642 2.964083 
1413393904.605761 0.016150 9.353523 2.957608 -0.125603 9.350513 2.964495 
1413393904.755760 0.014563 9.353987 2.956150 -0.125620 9.350777 2.963665 
1413393904.855761 0.014801 9.353792 2.956765 -0.125757 9.350828 2.963495 
1413393904.955760 0.015290 9.353824 2.956665 -0.125625 9.350774 2.963673 
1413393905.055760 0.015701 9.353277 2.958389 -0.125766 9.350579 2.964282 
1413393905.155761 0.016330 9.353230 2.958533 -0.125840 9.350556 2.964350 
1413393905.255760 0.017037 9.352876 2.959652 -0.125997 9.350533 2.964415 
