1413393890.255760 1.365334 1.580707 
1413393890.355761 1.409999 1.446003 
1413393890.505760 1.401905 1.419937 
1413393890.605761 1.373267 1.404520 
1413393890.755760 1.406393 1.398620 
1413393890.855761 1.393653 1.394886 
1413393891.005760 1.380803 1.372563 
1413393891.105761 1.387153 1.491860 
1413393891.255760 1.426933 1.459962 
1413393891.355761 1.425476 1.467079 
1413393891.505760 1.457228 1.461470 
1413393891.605761 1.400408 1.480400 
1413393891.755760 1.464839 1.502554 
1413393891.855761 1.467651 1.512029 
1413393891.955760 1.445896 1.515721 
1413393892.105761 1.389500 1.505351 
1413393892.205760 1.382523 1.497322 
1413393892.355761 1.375342 1.490036 
1413393892.455760 1.407591 1.485858 
1413393892.605761 1.436775 1.481295 
1413393892.705760 1.441324 1.477754 
1413393892.805760 1.444738 1.481227 
1413393892.905761 1.461036 1.491502 
1413393893.055760 1.491387 1.511556 
1413393893.155761 1.490425 1.510369 
1413393893.305760 1.493186 1.505530 
1413393893.405761 1.516886 1.515924 
1413393893.555760 1.520096 1.519153 
1413393893.655761 1.519547 1.518602 
1413393893.805760 1.519706 1.518806 
1413393893.905761 1.520343 1.519482 
1413393894.055760 1.523733 1.522892 
1413393894.155761 1.527244 1.522718 
1413393894.305760 1.532250 1.527586 
1413393894.405761 1.534144 1.529784 
1413393894.555760 1.533441 1.529305 
1413393894.655761 1.534769 1.530660 
1413393894.805760 1.541027 1.536523 
1413393894.905761 1.541312 1.536607 
1413393895.055760 1.536945 1.532184 
1413393895.155761 1.538394 1.533709 
1413393895.255760 1.538389 1.533656 
1413393895.355761 1.536651 1.531808 
1413393895.505760 1.534128 1.529245 
1413393895.605761 1.533653 1.528789 
1413393895.705760 1.533183 1.528279 
1413393895.855761 1.535121 1.530069 
1413393896.005760 1.534143 1.528936 
1413393896.105761 1.534420 1.529016 
1413393896.255760 1.534876 1.529586 
1413393896.355761 1.536853 1.531527 
1413393896.455760 1.540650 1.535084 
1413393896.605761 1.541105 1.535491 
1413393896.755760 1.541184 1.535615 
1413393896.855761 1.539089 1.533567 
1413393897.005760 1.537949 1.532338 
1413393897.105761 1.537360 1.531776 
1413393897.255760 1.536985 1.531477 
1413393897.355761 1.536253 1.530683 
1413393897.505760 1.534875 1.529347 
1413393897.605761 1.536175 1.530812 
1413393897.755760 1.536394 1.532050 
1413393897.855761 1.536788 1.532432 
1413393898.005760 1.535039 1.538164 
1413393898.105761 1.532987 1.554738 
1413393898.205760 1.533204 1.573083 
1413393898.305760 1.534134 1.573091 
1413393898.405761 1.542675 1.580005 
1413393898.555760 1.542169 1.579542 
1413393898.655761 1.542219 1.576506 
1413393898.755760 1.541743 1.568832 
1413393898.855761 1.541401 1.555983 
1413393899.005760 1.539677 1.554065 
1413393899.105761 1.546454 1.551889 
1413393899.205760 1.546430 1.551910 
1413393899.305760 1.547115 1.552040 
1413393899.405761 1.545493 1.549233 
1413393899.505760 1.541013 1.542931 
1413393899.605761 1.537398 1.539351 
1413393899.755760 1.540687 1.546083 
1413393899.855761 1.539552 1.545049 
1413393900.005760 1.538798 1.545056 
1413393900.105761 1.538262 1.544389 
1413393900.255760 1.544124 1.568730 
1413393900.355761 1.545045 1.569478 
1413393900.455760 1.549203 1.574498 
1413393900.555760 1.550540 1.574917 
1413393900.655761 1.548645 1.573354 
1413393900.755760 1.548101 1.572901 
1413393900.855761 1.569672 1.578542 
1413393900.955760 1.570092 1.579346 
1413393901.055760 1.572444 1.581614 
1413393901.155761 1.571713 1.580990 
1413393901.305760 1.571940 1.580737 
1413393901.405761 1.572968 1.581127 
1413393901.555760 1.573262 1.581421 
1413393901.655761 1.573197 1.581300 
1413393901.755760 1.573376 1.581651 
1413393901.855761 1.574576 1.582230 
1413393902.005760 1.575253 1.582657 
1413393902.105761 1.574178 1.581538 
1413393902.255760 1.574546 1.582042 
1413393902.355761 1.574277 1.581666 
1413393902.505760 1.575256 1.582936 
1413393902.605761 1.574029 1.581837 
1413393902.755760 1.573932 1.581900 
1413393902.855761 1.574494 1.582348 
1413393902.955760 1.572861 1.580675 
1413393903.105761 1.571625 1.579433 
1413393903.205760 1.572482 1.578572 
1413393903.355761 1.571128 1.576767 
1413393903.455760 1.570813 1.576131 
1413393903.605761 1.569727 1.574370 
1413393903.755760 1.570065 1.574708 
1413393903.855761 1.570444 1.571438 
1413393904.005760 1.566128 1.560097 
1413393904.105761 1.565210 1.559161 
1413393904.255760 1.565831 1.559922 
1413393904.355761 1.564541 1.558449 
1413393904.505760 1.564108 1.557465 
1413393904.605761 1.563609 1.556494 
1413393904.755760 1.563679 1.556755 
1413393904.855761 1.562867 1.555773 
1413393904.955760 1.563020 1.555916 
1413393905.055760 1.562630 1.555268 
1413393905.155761 1.562933 1.555488 
1413393905.255760 1.563206 1.555500 
